[[  0.   2.  -2.   0.   1.   0.   0.   0. -13.]
 [  3.   1.   2.   1.   0.   0.   0.   0.  10.]
 [  1.  -2.   3.   0.  -1.   1.   0.   0.   6.]
 [  2.   3.  -1.   0.   0.   0.   1.   0.   9.]
 [  1.   1.   2.   0.   0.   0.   0.   1.   7.]]
Pivote: 3.0
Entra: X-3
Sale: X-1
[[ 0.66666667  0.66666667  0.          0.          0.33333333  0.66666667
   0.          0.         -9.        ]
 [ 2.33333333  2.33333333  0.          1.          0.66666667 -0.66666667
   0.          0.          6.        ]
 [ 0.33333333 -0.66666667  1.          0.         -0.33333333  0.33333333
   0.          0.          2.        ]
 [ 2.33333333  2.33333333  0.          0.         -0.33333333  0.33333333
   1.          0.         11.        ]
 [ 0.33333333  2.33333333  0.          0.          0.66666667 -0.66666667
   0.          1.          3.        ]]
